walls: x1;x2;y1;y2
135,351;149,535
151,533;338,715
338,715;711,707
711,707;765,579
765,579;875,551
875,551;965,658
965,658;1095,651
1095,651;1200,495
1200,495;1147,293
1147,293;840,151
840,151;688,284
688,284;413,220
413,220;141,354
357,515;304,388
304,388;444,323
443,323;659,406
659,406;926,333
926,333;1089,364
1090,380;1090,464
1091,382;1091,365
1090,459;983,494
983,494;868,412
868,412;640,457
640,457;542,560
542,560;355,519

gates: num;x1;x2;y1;y2
0;149,494;331,456
1;440,321;414,220
2;691,287;723,385
3;924,330;937,197
4;1088,363;1163,355
5;1005,492;1096,651
6;864,555;867,409
7;537,560;549,709

start: 361;603