walls: x1;x2;y1;y2
505,848;79,342
79,342;696,129
696,129;1063,430
1063,430;506,847
511,758;174,367
174,367;690,182
690,182;984,426
984,426;512,759
620,32;620,32

gates: num;x1;x2;y1;y2
0;453,786;508,756
1;406,728;459,699
2;346,669;404,633
3;291,591;343,565
4;244,533;291,505
5;192,478;247,456
6;152,426;200,402
7;121,382;177,366
8;163,314;198,356
9;242,285;272,329
10;321,256;362,298
11;417,224;452,263
12;497,194;533,234
13;576,174;634,210
14;690,178;704,127
15;754,220;794,200
16;803,269;850,244
17;862,321;911,294
18;909,352;960,325
19;956,396;995,368
20;977,426;1025,454
21;905,480;946,516
22;860,521;886,570
23;809,553;842,597
24;747,595;777,644
25;684,639;714,688
26;627,674;664,735
27;580,712;619,758
28;527,749;592,781

start: 507;794